(0,0)															        (800,0)
    77777777777777777777777777777777777777777777777777777777777777777777
    71111111111111111111111111111111111111111111111111111111111111111117
    71(8,8)	    		   (520,8)141(526,8)                   (792,8)17
    71  	                      141                                 17
    71(8,264)            (520,264)141(526,264)               (792,264)17
    71111111111111111111111111111114111111111111111111111111111111111117
    71444444444444444444444444444444444444444444444444444444444444444417
    71111111111111111111111111111114111111111111111111111111111111111117
    71(8,270)	         (520,270)141(526,270)               (792,270)17
    71  	                      141                                 17
    71(8,462)            (520,462)141(526,462)               (792,462)17
    71111111111111111111111111111111111111111111111111111111111111111116
    77777777777777777777777777777777777777777777777777777777777777777777
(0,470)														            (800,470)